0.5499082976093285
0.5499082976093285
0.5499082976093285
0.5499082976093285
0.5499082976093285
0.5499082976093285
0.5499082976093285
0.5499082976093285
0.5499082976093285
0.5499082976093285
0.5971278916654371
0.5971278916654371
0.5971278916654371
0.5971278916654371
0.5971278916654371
0.5971278916654371
0.5971278916654371
0.5971278916654371
0.6034408255178034
0.6034408255178034
0.6034408255178034
0.6034408255178034
0.6034408255178034
0.6034408255178034
0.6034408255178034
0.6034408255178034
0.6034408255178034
0.6034408255178034
0.6034408255178034
0.6034408255178034
0.6034408255178034
0.6034408255178034
0.6034408255178034
0.6934572278752643
0.7586263636670771
0.8654242199962984
0.9429862149851422
0.9751203056245319
0.977396198606584
0.9780606447421554
0.9875449914159122
0.9917210216338779
0.9953019898889062
0.9955012681851735
0.9955012681851735
0.9955012681851735
0.9955012681851735
0.9955012681851735
0.9958796645816148
0.99812163447492
0.99812163447492
0.9984128228143316
0.9994838369423806
0.9994838369423806
0.9994838369423806
0.9994838369423806
0.999610115762161
0.9997644190401167
0.9997644190401167
1.0
1.0
1.0
1.0
1.0
1.0
1.0
1.0
1.0
1.0
1.0
1.0
1.0
1.0
1.0
1.0
1.0
1.0
1.0
1.0
1.0
1.0
1.0
1.0
1.0
1.0
1.0
1.0
1.0
1.0
1.0
1.0
1.0
1.0
1.0
1.0
1.0
1.0
1.0
1.0
1.0
1.0
1.0
1.0
1.0
1.0
1.0
1.0
1.0
1.0
1.0
1.0
1.0
1.0
1.0
1.0
1.0
1.0
1.0
1.0
1.0
1.0
1.0
1.0
1.0
1.0
1.0
1.0
1.0
1.0
1.0
1.0
1.0
1.0
1.0
1.0
1.0
1.0
1.0
1.0
1.0
1.0
1.0
1.0
1.0
1.0
1.0

-0.3828200165845026
-0.3828200165845026
-0.374372514493388
-0.374372514493388
-0.36453628846628194
-0.36453628846628194
-0.33641364878959884
-0.33641364878959884
-0.33641364878959884
-0.33641364878959884
-0.3351006906466787
-0.3351006906466787
-0.3351006906466787
-0.3351006906466787
-0.3279287004574396
-0.3279287004574396
-0.3279287004574396
-0.3279287004574396
-0.32321926241775045
-0.32321926241775045
-0.3147329216165789
-0.3147329216165789
-0.3147329216165789
-0.3090599721484177
-0.3090599721484177
-0.3004293207293509
-0.3004293207293509
-0.3004293207293509
-0.3004293207293509
-0.29906849640217004
-0.29906849640217004
-0.29906849640217004
-0.29906849640217004
-0.29821894127226095
-0.29821894127226095
-0.2959346043935955
-0.2959346043935955
-0.29012069428959836
-0.29012069428959836
-0.28436280040059553
-0.28436280040059553
-0.28436280040059553
-0.28436280040059553
-0.28436280040059553
-0.28436280040059553
-0.28436280040059553
-0.28436280040059553
-0.2780027325438192
-0.2780027325438192
-0.2780027325438192
-0.2780027325438192
-0.2696028624405056
-0.2696028624405056
-0.2650293645957769
-0.2650293645957769
-0.2650293645957769
-0.2604380751949245
-0.2604380751949245
-0.2604380751949245
-0.2604380751949245
-0.20698109177007712
-0.20698109177007712
-0.20698109177007712
-0.20698109177007712
-0.2050799367692397
-0.2050799367692397
-0.2050799367692397
-0.2023015711608541
-0.20074136037839227
-0.20069433441872886
-0.20048851905220857
-0.19984660467752838
-0.19783371072459674
-0.19783371072459674
-0.19783371072459674
-0.19783371072459674
-0.19465330942726966
-0.19465330942726966
-0.19465330942726966
-0.19465330942726966
-0.18739232454729163
-0.18739232454729163
-0.15859914754401055
-0.15837658335394042
-0.15413669396684382
-0.15406467720222378
-0.15406467720222378
-0.15406467720222378
-0.15406467720222378
-0.15375515455017857
-0.15184828716101612
-0.15184828716101612
-0.15184828716101612
-0.15117858928625683
-0.15117858928625683
-0.14131132675667515
-0.14131132675667515
-0.13852561804052144
-0.13852561804052144
-0.13418796008197076
-0.12610262814325582
-0.12610262814325582
-0.12610262814325582
-0.12610262814325582
-0.12610262814325582
-0.12443820391931444
-0.12443820391931444
-0.12443820391931444
-0.12443820391931444
-0.1243886520589479
-0.1243886520589479
-0.1243886520589479
-0.1243886520589479
-0.1243886520589479
-0.1243886520589479
-0.11770924008606372
-0.11770924008606372
-0.11770924008606372
-0.11770924008606372
-0.11660820327819031
-0.11634786680175135
-0.11600824113477066
-0.11600824113477066
-0.1157519798098385
-0.1157519798098385
-0.1157519798098385
-0.11549012699588357
-0.11549012699588357
-0.11549012699588357
-0.11531025611818932
-0.11531025611818932
-0.11531025611818932
-0.11531025611818932
-0.11531025611818932
-0.11531025611818932
-0.11531025611818932
-0.11531025611818932
-0.11402769840246049
-0.11139060922756365
-0.11139060922756365
-0.11139060922756365
-0.11139060922756365
-0.11139060922756365
-0.11119642216176236
-0.10099845380769928
-0.1009198401421636
-0.1009198401421636
-0.1009198401421636
-0.1009198401421636
-0.10033659306403392
-0.10033659306403392
-0.09893644421507246
-0.09841068726586973
-0.09791132891513273
-0.09791132891513273
-0.09791132891513273
-0.0975757370281421
-0.0975757370281421
-0.0975757370281421
-0.09689692987990253
-0.09689692987990253
-0.09689692987990253
-0.09431716664398201
-0.09431716664398201
-0.09431716664398201
-0.09146293438917252
-0.08749129245327152
-0.08749129245327152
-0.08749129245327152
-0.08749129245327152
-0.08749129245327152
-0.08749129245327152
-0.08749129245327152
-0.08749129245327152
-0.08749129245327152
-0.08741059430582339
-0.08741059430582339
-0.08741059430582339
-0.08741059430582339
-0.08741059430582339
-0.08507430765648996
-0.08420535279826752
-0.08420535279826752
-0.08420535279826752
-0.08420535279826752
-0.0796597695417272
-0.07360862705564326
-0.061775737081063355
-0.061775737081063355
-0.061775737081063355
-0.06074695030428539
-0.06028930040545621
-0.05970521437083892
-0.05965381860982028
-0.057803457337374214
-0.057803457337374214
-0.057803457337374214
-0.057803457337374214
-0.05709981628950254
-0.05709981628950254
-0.05709981628950254
-0.05709981628950254
-0.05709981628950254
-0.056397246101690446
-0.05562133267048445
-0.05548440227040499
-0.054071880706044836
-0.049978721688177845
-0.048716331844780074
-0.048716331844780074
-0.04798495966571016
-0.047314522999558774
-0.047314522999558774
-0.047314522999558774
-0.047314522999558774
-0.047314522999558774
-0.04691409206488881
-0.04691409206488881
-0.04691409206488881
-0.04691409206488881
-0.04691409206488881
-0.04691409206488881
-0.04691409206488881
-0.04691409206488881
-0.04483796803557731
-0.04483796803557731
-0.04457814943695809
-0.039668410847647995
-0.039668410847647995
-0.03942597800980451
-0.039170999766604424
-0.03734047745341275
-0.03734047745341275
-0.03734047745341275
-0.03384350546897413
-0.03384350546897413
-0.03292068437991315
-0.03292068437991315
-0.03292068437991315
-0.03292068437991315
-0.0319475368256385
-0.0319475368256385
-0.0319475368256385
-0.02949812716964841
-0.029273770018056776
-0.029273770018056776
-0.029026530322060966
-0.02881968187837189
-0.02881968187837189
-0.028271871639945035
-0.027909547468796727
-0.027109347839433227
-0.026660425492323222
-0.026660425492323222
-0.026660425492323222
-0.026660425492323222
-0.025642473078040195
-0.024498811697883545
-0.023970293350354156
-0.023642824073282637
-0.020951412797606296
-0.02000269497815299
-0.018851068117752792
-0.01872624351771272
-0.018338639290495933
-0.018338639290495933
-0.018338639290495933
-0.018338639290495933
-0.018180709681293598
-0.018180709681293598
-0.018180709681293598
-0.018180709681293598
-0.018180709681293598
-0.01771308808968203
-0.01771308808968203
-0.017635459180110512
-0.017635459180110512
-0.017635459180110512
-0.01673635218431333
-0.01615490564818742
-0.015147589929791325
-0.011124087477839358
-0.010821414327892081
-0.00800614160528979
-0.0061190633009106585
-0.005686069350071916
-0.003475800697978202
-0.003475800697978202
-0.002866433794401487
-5.957249092088254E-4
-5.957249092088254E-4
0.004088856919449369
0.012189082369229009
0.012189082369229009
0.012189082369229009
0.012189082369229009
0.014107012069116244
0.014901816558428104
0.016168373206544618
0.016805816006899416
0.017033632256952393
0.01902830118051476
0.0190338415670751
0.0190338415670751
0.019057327501741165
0.019402238093237923
0.01961533945192821
0.02080732868781255
0.021456749837363346
0.021474016177851673
0.021474016177851673
0.021474016177851673
0.021474016177851673
0.021474016177851673
0.021474016177851673
0.021474016177851673
0.021474016177851673
0.021474016177851673
0.021474016177851673
0.021474016177851673
0.021474016177851673
0.0239649477112665
0.0239649477112665
0.0239649477112665
0.0239649477112665
0.0239649477112665
0.0239649477112665
0.024834328717100056
0.024834328717100056
0.024834328717100056
0.024895998785478178
0.024895998785478178
0.024895998785478178
0.026630554658793944
0.026630554658793944
0.026630554658793944
0.02674438836824154
0.02674438836824154
0.02674438836824154
0.02674438836824154
0.02674438836824154
0.026970690398477656
0.026970690398477656
0.027094432055350188
0.027254981284731233
0.027254981284731233
0.027254981284731233
0.027254981284731233
0.027254981284731233
0.027254981284731233
0.028176710823443245
0.028176710823443245
0.028176710823443245
0.029310586765895402
0.029310586765895402
0.029310586765895402
0.029310586765895402
0.029310586765895402
0.029310586765895402
0.029310586765895402
0.029310586765895402
0.029310586765895402
0.029310586765895402
0.03471008597902975
0.03554555129311481
0.03554555129311481
0.03554555129311481
0.036507018624651784
0.03687005033130618
0.03753608289507511
0.03893357124488788
0.03995579211449812
0.03995579211449812
0.03995579211449812
0.043591325252612556
0.043783134220019414
0.043783134220019414
0.044464290972939385
0.04465036077536082
0.04465036077536082
0.04654499605705384
0.04834968403712562
0.04834968403712562
0.04834968403712562
0.04835316661840336
0.04835316661840336
0.04835316661840336
0.04835316661840336
0.04835316661840336
0.04835316661840336
0.049136100858613196
0.049780614858208366
0.049780614858208366
0.05007165074751414
0.05224167848361912
0.05274981410109085
0.05349627833014493
0.05349627833014493
0.05349627833014493
0.05349627833014493
0.05349627833014493
0.05409809395529672
0.055250564917097324
0.05528516242518616
0.05528516242518616
0.05528516242518616
0.05596318643028141
0.05596318643028141
0.056150034572251636
0.05629827810962151
0.05629827810962151
0.05636088188585513
0.05687407094685723
0.05696136212153373
0.05696136212153373
0.05696136212153373
0.05697986320852651
0.060710877007344226
0.0644285812352077
0.06479778163309477
0.06479778163309477
0.0651248598368738
0.0661459915612729
0.0663056460334746
0.06692028156382271
0.07088946830356178
0.07097083865577201
0.07108129944072146
0.07108129944072146
0.07127163974345833
0.07127163974345833
0.07127163974345833
0.07127163974345833
0.07135406517607776
0.0733118965267449
0.0733118965267449
0.0733118965267449
0.0733118965267449
0.0733118965267449
0.0733118965267449
0.0733118965267449
0.0733118965267449
0.07596994482199576
0.07596994482199576
0.07596994482199576
0.07596994482199576
0.07596994482199576
0.07697935117716156
0.08070302015526434
0.08235543065494144
0.08479218281662244
0.08479218281662244
0.08479218281662244
0.08479218281662244
0.08479218281662244
0.08479218281662244
0.08479218281662244
0.08479218281662244
0.08479218281662244
0.08479218281662244
0.08600980434343257
0.08600980434343257
0.08600980434343257
0.08600980434343257
0.08804290861669024
0.08804290861669024
0.08980878829806306
0.08984012786297176
0.0898956621579528
0.09536535250784352
0.09536535250784352
0.09536535250784352
0.09536535250784352
0.09623517475378275
0.09623517475378275
0.09623517475378275
0.0963482460374729
0.09654986406223103
0.09820537178509278
0.09861340571303971
0.09861340571303971
0.09898017498393742
0.09898017498393742
0.09898017498393742
0.09898017498393742
0.09898017498393742
0.09971511280756534
0.09971511280756534
0.09971511280756534
0.10115742393058853
0.10115742393058853
0.10301042651400417
0.10328768489733038
0.10378915630676339
0.10387168437215867
0.10387168437215867
0.10387168437215867
0.10387168437215867
0.10428318715761803
0.10471569098179259
0.10668116292365643
0.10670539067349383
0.10699557112804459
0.11028967358268041
0.11028967358268041
0.11028967358268041
0.11295107768606821
0.11295107768606821
0.11295107768606821
0.11295107768606821
0.11354919477491716
0.1136519751081163
0.11525641426851771
0.11525641426851771
0.11525641426851771
0.11525641426851771
0.11525641426851771
0.11925141145009574
0.11925141145009574
0.11925141145009574
0.11961118265677599
0.11961118265677599
0.11993304974962102
0.12123152091068823
0.12123152091068823
0.12123152091068823
0.12123152091068823
0.1248031494454994
0.1248031494454994
0.12498511989922025
0.12582890538285893
0.12604157814796677
0.12710129378872217
0.129139195180243
0.129139195180243
0.129139195180243
0.129139195180243
0.129139195180243
0.12934876895265104
0.1294361011524006
0.13027422670504907
0.13062599076989798
0.130660302962258
0.13161253673173703
0.1318704585501093
0.1318704585501093
0.13231205202880278
0.13231205202880278
0.13231205202880278
0.13267408232481956
0.13690417778254213
0.13690417778254213
0.13718266704726267
0.13732834297631064
0.13732834297631064
0.13760484478212565
0.1390385845733651
0.1390385845733651
0.1390385845733651
0.1392889144627603
0.13930821828292927
0.13930821828292927
0.13942250250656632
0.13943648810551237
0.13943648810551237
0.14016803482723464
0.14016803482723464
0.14016803482723464
0.14016803482723464
0.1414079883706153
0.14611342979834402
0.14611342979834402
0.14611342979834402
0.1561340329831473
0.15764379413509894
0.15764379413509894
0.15970026492469666
0.15970026492469666
0.15970026492469666
0.16073527194891513
0.16073527194891513
0.16073527194891513
0.16073527194891513
0.1688389798370752
0.16978156409462875
0.16978156409462875
0.17273750377407865
0.17477424535410283
0.17816255566645947
0.17816255566645947
0.17816255566645947
0.17816255566645947
0.17816255566645947
0.17816255566645947
0.1814158532471931
0.18676457280314562
0.18676457280314562
0.18676457280314562
0.18676457280314562
0.18676457280314562
0.18816715054745184
0.188316581636204
0.1926572048033275
0.1926572048033275
0.1926572048033275
0.1926572048033275
0.1926572048033275
0.20349400934635292
0.20772158227834017
0.213812228018019
0.213812228018019
0.213812228018019
0.213812228018019
0.2141361562196056
0.2167166283557165
0.21852251932657582
0.21852251932657582
0.21852251932657582
0.23269482849600673
0.23269482849600673
0.23269482849600673
0.23269482849600673
0.23281961543224095
0.23281961543224095
0.2334691058231032
0.23371705659625702
0.23736194049834552
0.23736194049834552
0.2390829752527966
0.2390829752527966
0.2390829752527966
0.2390829752527966
0.24259274146089269
0.24259274146089269
0.24259274146089269
0.2431705186873803
0.2431705186873803
0.24341031133919339
0.2461750636259242
0.2461750636259242
0.2461750636259242
0.2461750636259242
0.2461750636259242
0.2461750636259242
0.2461750636259242
0.2461750636259242
0.2477343858830344
0.2477343858830344
0.2477343858830344
0.2477343858830344
0.248726426666216
0.2539479963433821
0.2539479963433821
0.2539479963433821
0.2539479963433821
0.26899073761560593
0.26899073761560593
0.26899073761560593
0.2698950425142204
0.2698950425142204
0.2698950425142204
0.2698950425142204
0.2750112486841867
0.2750112486841867
0.2750112486841867
0.2750112486841867
0.28037442751122427
0.28037442751122427
0.2803754556516234
0.28089085199145875
0.28089085199145875
0.28089085199145875
0.28089085199145875
0.28089085199145875
0.28089085199145875
0.312380008733418
0.312380008733418
0.312380008733418
0.31657929183449096
0.31657929183449096
0.3228649386948856
0.3228649386948856
0.3231484222865784
0.3231484222865784
0.3231484222865784
0.3231484222865784
0.3298076064572866
0.3344184993176082
0.3344184993176082
0.3344184993176082
0.33644963518785376
0.33644963518785376
0.33644963518785376
0.33644963518785376
0.33644963518785376
0.33644963518785376
0.34173397164578656
0.34173397164578656
0.34173397164578656
0.34173397164578656
0.34173397164578656
0.35202199822517366
0.35202199822517366
0.35202199822517366
0.3531052606813598
0.3610305097653446
0.3610305097653446
0.3610305097653446
0.36494127774599006
0.36494127774599006
0.36494127774599006
0.36494127774599006
0.3737016767550421
0.3862438814701964
0.3862438814701964
0.39804209771209137
0.39804209771209137
0.39804209771209137
0.39804209771209137
0.40149118584827354
0.40149118584827354
0.40149118584827354
0.40149118584827354
0.40734154893459035
0.40734154893459035
0.40734154893459035
0.4299036746016103
0.4299036746016103
0.4299036746016103
0.43683005444282996
0.43683005444282996
0.43683005444282996
0.4440789228421448
0.4440789228421448
0.4470173732220561
0.4470173732220561
0.4471286711571768
0.4471286711571768
0.46674127462065423
0.46674127462065423
0.46674127462065423
0.4804592920767023
0.4804592920767023
0.4804592920767023
0.48875093377119355
0.48875093377119355
0.48875093377119355
0.5853793431438871
0.5853793431438871
0.5853793431438871
0.5879770093436611
0.5879770093436611
0.5879770093436611
0.588401554964704
0.588401554964704
