0.5284021318523532
0.5284021318523532
0.5284021318523532
0.5284021318523532
0.5284021318523532
0.5284021318523532
0.5284021318523532
0.5284021318523532
0.5745539666286573
0.6334193329477956
0.6334193329477956
0.6334193329477956
0.6334193329477956
0.6334193329477956
0.6334193329477956
0.6334193329477956
0.6334193329477956
0.6334193329477956
0.6334193329477956
0.6334193329477956
0.6334193329477956
0.6334193329477956
0.6334193329477956
0.6334193329477956
0.7829856492281786
0.8381709616891094
0.8381709616891094
0.8381709616891094
0.8381709616891094
0.8381709616891094
0.8381709616891094
0.8381709616891094
0.8381709616891094
0.8381709616891094
0.8381709616891094
0.9337159193535256
0.9454049158351056
0.9702346356981647
0.9724712460489316
0.9803160526699397
0.9803695710832259
0.9864967965596911
0.9904264151130666
0.9958720046216402
0.9958720046216402
0.9958720046216402
0.9958720046216402
0.9958720046216402
0.9962568893358908
0.9977721124164891
0.9977721124164891
0.9984074671428672
0.9992887419939124
0.9992887419939124
0.9992887419939124
0.9992887419939124
0.9995517873653271
0.9997581133534997
0.9997581133534997
1.0
1.0
1.0
1.0
1.0
1.0
1.0
1.0
1.0
1.0
1.0
1.0
1.0
1.0
1.0
1.0
1.0
1.0
1.0
1.0
1.0
1.0
1.0
1.0
1.0
1.0
1.0
1.0
1.0
1.0
1.0
1.0
1.0
1.0
1.0
1.0
1.0
1.0
1.0
1.0
1.0
1.0
1.0
1.0
1.0
1.0
1.0
1.0
1.0
1.0
1.0
1.0
1.0
1.0
1.0
1.0
1.0
1.0
1.0
1.0
1.0
1.0
1.0
1.0
1.0
1.0
1.0
1.0
1.0
1.0
1.0
1.0
1.0
1.0
1.0
1.0
1.0
1.0
1.0
1.0
1.0
1.0
1.0
1.0
1.0
1.0
1.0

-0.5054632869470383
-0.5054632869470383
-0.5054632869470383
-0.40199984222760393
-0.38799046217686284
-0.3244192389695799
-0.3244192389695799
-0.31949347848653165
-0.31949347848653165
-0.317252697080812
-0.317252697080812
-0.317252697080812
-0.3103025883869886
-0.30989694920244043
-0.29856368532353095
-0.2866925829274204
-0.2866925829274204
-0.2866925829274204
-0.2724973578126279
-0.2724973578126279
-0.2724973578126279
-0.2724973578126279
-0.2724973578126279
-0.2724973578126279
-0.270210509218581
-0.270210509218581
-0.2691237225768779
-0.2691237225768779
-0.26450384423850165
-0.26450384423850165
-0.26292715208420037
-0.26120135672931877
-0.26120135672931877
-0.26120135672931877
-0.2524454814863076
-0.24928530471105068
-0.24660668827046983
-0.24593235566232619
-0.24593235566232619
-0.24593235566232619
-0.24593235566232619
-0.24593235566232619
-0.24593235566232619
-0.24373435750624672
-0.24373435750624672
-0.24373435750624672
-0.24208550082639596
-0.240350999993567
-0.240350999993567
-0.240350999993567
-0.240350999993567
-0.24019455403568513
-0.24019455403568513
-0.2377368425913959
-0.2313622316904827
-0.2305745486768492
-0.22855975481749885
-0.22676929677543178
-0.22676929677543178
-0.22676929677543178
-0.22676929677543178
-0.22676929677543178
-0.2208131057223707
-0.2208131057223707
-0.2208131057223707
-0.21977806390804225
-0.21977806390804225
-0.2166076268518462
-0.213429860850649
-0.21324712215203087
-0.21324712215203087
-0.21324712215203087
-0.21324712215203087
-0.21324712215203087
-0.2030896751798747
-0.2030896751798747
-0.2030896751798747
-0.20306566954189323
-0.20306566954189323
-0.19953918540084323
-0.19953918540084323
-0.19953918540084323
-0.19953918540084323
-0.19156462592400936
-0.19156462592400936
-0.19156462592400936
-0.19156462592400936
-0.19017044095576996
-0.19017044095576996
-0.18782247743070257
-0.1877204967269211
-0.18425810218042957
-0.1808407142317232
-0.18030159417436525
-0.18030159417436525
-0.18030159417436525
-0.18030159417436525
-0.18022489974168787
-0.18022489974168787
-0.17400888988790184
-0.17178723678307595
-0.16761879466420698
-0.16682717645367062
-0.16522362975511384
-0.1638077228479241
-0.1638077228479241
-0.1638077228479241
-0.1638077228479241
-0.15463931767855646
-0.15443688850667317
-0.15422476647535902
-0.15422476647535902
-0.15422476647535902
-0.15422476647535902
-0.15374351167647407
-0.15263750975259682
-0.15263750975259682
-0.15263750975259682
-0.15263750975259682
-0.14914514776372353
-0.14914514776372353
-0.14914514776372353
-0.14914514776372353
-0.14914514776372353
-0.14914514776372353
-0.14914514776372353
-0.14914514776372353
-0.14894613410865887
-0.14894613410865887
-0.14894613410865887
-0.14894613410865887
-0.14808169805157556
-0.14403622748295525
-0.14403622748295525
-0.14231790786369214
-0.14218906776127502
-0.14068924038052294
-0.1389912980441992
-0.1389912980441992
-0.1389912980441992
-0.13871316041057144
-0.13871316041057144
-0.13416253670526895
-0.13303132001441045
-0.13303132001441045
-0.13303132001441045
-0.13288508313724648
-0.13288508313724648
-0.13288508313724648
-0.12876959498295854
-0.12737790819847464
-0.12216628131379081
-0.12216628131379081
-0.12216628131379081
-0.12216628131379081
-0.12216628131379081
-0.12216628131379081
-0.12216628131379081
-0.12216628131379081
-0.12216628131379081
-0.12216628131379081
-0.12083397075800544
-0.11887824267119841
-0.11817101268957796
-0.11817101268957796
-0.11738323562553346
-0.11674330462590951
-0.11674330462590951
-0.11630161287707112
-0.11590216289880693
-0.11569676134877604
-0.11483442084267258
-0.11483442084267258
-0.11483442084267258
-0.11483442084267258
-0.11483442084267258
-0.11483442084267258
-0.11483442084267258
-0.11483442084267258
-0.1138217537943561
-0.1138217537943561
-0.1138217537943561
-0.1138217537943561
-0.1038404482485201
-0.1038404482485201
-0.1038404482485201
-0.1038404482485201
-0.10031319410124388
-0.0992051456072012
-0.09911842063063311
-0.09886396897470166
-0.09729439564578192
-0.09729439564578192
-0.0952904272744008
-0.09310840097643266
-0.0902696983201328
-0.08977699310124505
-0.08977699310124505
-0.08977699310124505
-0.08977699310124505
-0.08937696221220014
-0.08937696221220014
-0.08937696221220014
-0.08937696221220014
-0.08937696221220014
-0.08937696221220014
-0.08937696221220014
-0.08937696221220014
-0.08859142474289804
-0.08806911418006234
-0.08806911418006234
-0.08806911418006234
-0.08806911418006234
-0.08731570028560175
-0.08731570028560175
-0.08664419354847047
-0.08208867638326843
-0.08057633872597116
-0.08057633872597116
-0.08057633872597116
-0.08057633872597116
-0.08057633872597116
-0.08057633872597116
-0.08057633872597116
-0.08057633872597116
-0.08057633872597116
-0.0786898411770617
-0.0786898411770617
-0.0786898411770617
-0.07741989454808987
-0.07595375725630878
-0.07595375725630878
-0.07562924470040724
-0.07460904911020681
-0.07432451916071871
-0.06867550700463768
-0.06866657747283578
-0.06866657747283578
-0.06866657747283578
-0.06866657747283578
-0.06778399405439213
-0.06732037179573419
-0.06732037179573419
-0.06732037179573419
-0.06732037179573419
-0.06722084982537578
-0.0655698889611709
-0.06147867565452684
-0.06134616225640035
-0.0612558715576608
-0.0612558715576608
-0.05650276809894739
-0.05650276809894739
-0.05650276809894739
-0.05650276809894739
-0.05626489636700873
-0.05626489636700873
-0.05626489636700873
-0.05626489636700873
-0.05330558209037659
-0.05310528161136756
-0.052329686291176715
-0.05177727161893791
-0.042298521475779324
-0.04204986200970672
-0.04204986200970672
-0.028654551568416904
-0.028654551568416904
-0.028604258338479266
-0.028604258338479266
-0.028604258338479266
-0.0284693360734386
-0.02814644580121195
-0.02550386316328146
-0.02550386316328146
-0.02550386316328146
-0.024893529013073845
-0.024278268266728995
-0.024278268266728995
-0.020095591479849562
-0.020095591479849562
-0.020095591479849562
-0.01783409922551753
-0.01783409922551753
-0.01783409922551753
-0.01584924154588826
-0.01584924154588826
-0.01584924154588826
-0.01584924154588826
-0.01584924154588826
-0.01584924154588826
-0.01584924154588826
-0.01584924154588826
-0.01584924154588826
-0.01584924154588826
-0.015616887699907381
-0.012795190138440046
-0.012795190138440046
-0.012795190138440046
-0.012795190138440046
-0.012795190138440046
-0.012795190138440046
-0.012795190138440046
-0.012795190138440046
-0.008212147264306986
-0.008212147264306986
-0.008212147264306986
-0.008212147264306986
-0.006342719334806869
-0.0060357804913683906
-0.005358100278401318
-0.004382483225501067
-0.0032792153691396414
-0.0032792153691396414
2.2834816753276128E-5
2.2834816753276128E-5
2.2834816753276128E-5
0.001399760943536386
0.0031238575155230963
0.0038703656945034064
0.0038703656945034064
0.0038703656945034064
0.00863618333890711
0.010678834997307693
0.010796903309623723
0.010796903309623723
0.010796903309623723
0.010940931504509317
0.010940931504509317
0.014102068959832851
0.014774416999208824
0.014774416999208824
0.01509524868876806
0.01509524868876806
0.01509524868876806
0.01509524868876806
0.015259913514463505
0.015259913514463505
0.015259913514463505
0.015259913514463505
0.016284091291452415
0.016284091291452415
0.016284091291452415
0.016284091291452415
0.016284091291452415
0.016284091291452415
0.01712335541253554
0.01712335541253554
0.017135885630949813
0.018008145413995303
0.01812987886007282
0.01812987886007282
0.019524100144426338
0.019617125376481644
0.019617125376481644
0.021049890382973415
0.021049890382973415
0.021049890382973415
0.02132968877488776
0.02132968877488776
0.021507948418870104
0.02170993614065816
0.02170993614065816
0.02170993614065816
0.02170993614065816
0.024491157800920305
0.028756169872195276
0.028996408955942188
0.028996408955942188
0.028996408955942188
0.029407889948449447
0.03080306790273204
0.031855843517500114
0.031855843517500114
0.031855843517500114
0.031855843517500114
0.031865869641333866
0.031865869641333866
0.032856286780286126
0.03478287791903632
0.039634618157521055
0.039634618157521055
0.039634618157521055
0.03972188950057935
0.03972188950057935
0.04057082659042754
0.04057082659042754
0.04057082659042754
0.04057082659042754
0.04057082659042754
0.048324714005044955
0.05855391344172248
0.05855391344172248
0.05855476199323818
0.06097016073744184
0.06097016073744184
0.06097016073744184
0.06097016073744184
0.06097016073744184
0.06373944273422469
0.06494805704956366
0.06545339288459107
0.06606154503515037
0.06658182520632493
0.06658182520632493
0.06658182520632493
0.0682740423145613
0.0682740423145613
0.06862690393846883
0.06894833009930201
0.06943300995329625
0.06943300995329625
0.07054595767667672
0.07054595767667672
0.07054595767667672
0.07132854160148656
0.07132854160148656
0.07132854160148656
0.07132854160148656
0.07427190482061069
0.07469606954454674
0.07469606954454674
0.07540760844071853
0.07540760844071853
0.07540760844071853
0.07540760844071853
0.07548732226043517
0.07645345703193139
0.07703443340760847
0.07703443340760847
0.07703443340760847
0.07703443340760847
0.07703443340760847
0.07703443340760847
0.07704811002913595
0.07704811002913595
0.07704811002913595
0.07704811002913595
0.07704811002913595
0.07704811002913595
0.07704811002913595
0.07704811002913595
0.07704811002913595
0.07704811002913595
0.07704811002913595
0.07704811002913595
0.07726659432774821
0.07726659432774821
0.07726659432774821
0.08001036908531627
0.08001036908531627
0.08001036908531627
0.08455102680793618
0.08455102680793618
0.08455102680793618
0.08455102680793618
0.08507712035176362
0.08507712035176362
0.08507712035176362
0.08507712035176362
0.08507712035176362
0.08507712035176362
0.08658354784912542
0.08658354784912542
0.08658354784912542
0.08658354784912542
0.08658354784912542
0.08681450056136049
0.08722642746643336
0.08722642746643336
0.08722642746643336
0.08722642746643336
0.08772824106157433
0.09291802853027296
0.09302865899852748
0.09302865899852748
0.09302865899852748
0.09377082233405891
0.09377082233405891
0.09377082233405891
0.09377082233405891
0.09377082233405891
0.09729818528947723
0.09774086094404617
0.09866226178120856
0.09868145094991551
0.09886941719060466
0.09886941719060466
0.09886941719060466
0.09886941719060466
0.09886941719060466
0.0997848233505252
0.09999684412211157
0.10069180889713773
0.10266589204831185
0.10277489980641953
0.10277489980641953
0.10277489980641953
0.10277489980641953
0.10277489980641953
0.1044198555096386
0.1044198555096386
0.1044198555096386
0.1044198555096386
0.1044198555096386
0.1044198555096386
0.10443475634539673
0.10652143488952236
0.10652143488952236
0.10652143488952236
0.10953546196030935
0.1109288585403864
0.1109288585403864
0.1109288585403864
0.1109288585403864
0.1109288585403864
0.1109288585403864
0.1109288585403864
0.1109288585403864
0.11385158237986305
0.11385158237986305
0.11385158237986305
0.11781657973508985
0.11878420498422218
0.12156506466363085
0.12156506466363085
0.12171158629766189
0.12171158629766189
0.12183329144249344
0.12217954374613393
0.12217954374613393
0.12244316889155822
0.12384642143884413
0.12384642143884413
0.13049984405571066
0.13236036320649455
0.13236036320649455
0.13244572125542425
0.13244572125542425
0.13244572125542425
0.1367071695872059
0.13869448843925622
0.13869448843925622
0.13869448843925622
0.13869448843925622
0.1443104614249015
0.14445539239002558
0.1445129784080212
0.1445129784080212
0.14464551789976887
0.14470028890769107
0.14470028890769107
0.1476136105763339
0.1476136105763339
0.1495988367938795
0.15288958443999723
0.15339169762441326
0.15405611239112235
0.15405611239112235
0.15405611239112235
0.15405611239112235
0.15828727084515146
0.15966693956776276
0.16277996462735017
0.16277996462735017
0.16277996462735017
0.1666744326183206
0.1666744326183206
0.1666744326183206
0.1666744326183206
0.1666820269036556
0.1666820269036556
0.1666820269036556
0.17531368450129955
0.17567661446496044
0.17752803707045006
0.17752803707045006
0.17932783693159718
0.17932783693159718
0.17932783693159718
0.17958013428977473
0.17959641757791514
0.18382355688659702
0.18382355688659702
0.18382355688659702
0.18382355688659702
0.18656037298131486
0.1870752376376681
0.1870752376376681
0.1870752376376681
0.1870752376376681
0.18845439345632312
0.18845439345632312
0.18845439345632312
0.18845439345632312
0.1884816230991474
0.1884816230991474
0.18902348102477892
0.18902348102477892
0.18918521997811516
0.18929621725276063
0.19499868780641835
0.19499868780641835
0.19499868780641835
0.19499868780641835
0.19499868780641835
0.19686119808884117
0.19686119808884117
0.19686119808884117
0.19686119808884117
0.20312563175538118
0.20312563175538118
0.20556264629812254
0.20556264629812254
0.20556264629812254
0.20556264629812254
0.20729998567449237
0.21338443699905316
0.21338443699905316
0.21338443699905316
0.21338443699905316
0.21793890229518878
0.22087871455506056
0.22460647621361848
0.22460647621361848
0.22460647621361848
0.22878392097308653
0.22878392097308653
0.22878392097308653
0.22878392097308653
0.22878392097308653
0.22878392097308653
0.23404475888094647
0.23459497459691833
0.23459497459691833
0.23459497459691833
0.23459497459691833
0.23459497459691833
0.23532097339477287
0.23532097339477287
0.23532097339477287
0.23532097339477287
0.23532097339477287
0.23946465450353688
0.23946465450353688
0.24048859866455155
0.24048859866455155
0.24048859866455155
0.24172733593166038
0.24172733593166038
0.2433284554679086
0.24358358649133754
0.2534357600308041
0.2534357600308041
0.2536621972700974
0.2536621972700974
0.2536621972700974
0.2536621972700974
0.2548623819508845
0.2548623819508845
0.2548623819508845
0.2548623819508845
0.25558199648409363
0.25558199648409363
0.25558199648409363
0.25558199648409363
0.2594825129792958
0.2594825129792958
0.2594825129792958
0.2596030821469668
0.2620463334006023
0.2689014547043836
0.2689014547043836
0.2689014547043836
0.2697004012639443
0.2697004012639443
0.2697004012639443
0.2697004012639443
0.2697692402306058
0.2697692402306058
0.2697692402306058
0.2697692402306058
0.2697692402306058
0.2705385546770665
0.2705385546770665
0.2705385546770665
0.2705385546770665
0.2705385546770665
0.2710110911668539
0.2710110911668539
0.2710110911668539
0.2829977403182995
0.28367251775067603
0.2837357142686105
0.2837357142686105
0.2837357142686105
0.28747961499232894
0.28747961499232894
0.28747961499232894
0.2943848731932819
0.2997862352170446
0.2997862352170446
0.3052557191262535
0.3052557191262535
0.3052557191262535
0.3052557191262535
0.30558246516428816
0.31474097171073
0.3260215835182975
0.3260215835182975
0.327214384728241
0.3707554598899223
0.3707554598899223
0.374628309454731
0.374628309454731
0.374628309454731
0.37569220734057934
0.37569220734057934
0.3816503867985768
0.3892687384176702
0.3892687384176702
0.3892687384176702
0.392858452653358
0.3931743057123696
0.3931743057123696
0.39362682145957956
0.39362682145957956
0.3944194026416419
0.3944194026416419
0.3944194026416419
0.3962973846489286
0.3962973846489286
0.4080484301386163
0.4080484301386163
0.4080484301386163
0.4080484301386163
0.4080484301386163
0.45802328469038994
0.45802328469038994
0.45802328469038994
0.49202271171458795
0.49202271171458795
0.49202271171458795
0.49202271171458795
0.49202271171458795
0.5006466489144523
0.5006466489144523
0.5006466489144523
0.5058326270569337
0.5218395636578989
0.5218395636578989
0.5218395636578989
0.5249918332149119
0.5249918332149119
0.5249918332149119
