0.0
0.0
0.0
0.0
0.0
0.0
0.0
0.0
0.0
0.0
0.0
0.0
0.0
0.0
0.0
0.0
0.0
0.0
0.0
0.0
0.0
0.0
0.0
0.0
0.0
0.0
0.0
0.0
0.0
0.0
0.0
0.0
0.0
0.0
0.0
0.0
0.0
0.0
0.0
0.0
0.0
0.0
0.0
0.0
0.0
0.0
0.0
0.0
0.0
0.0
0.0
0.0
0.0
0.0
0.0
0.0
0.0
0.0
0.0
0.0
0.0
0.0
0.0
0.0
0.0
0.0
0.0
0.0
0.0
0.0
0.0
0.0
0.0
0.0
0.0
0.0
0.0
0.0
0.0
0.0
0.0
0.0
0.0
0.0
0.0
0.0
3.0757400999615536E-5
3.0757400999615536E-5
3.0757400999615536E-5
1.845444059976932E-4
1.845444059976932E-4
1.845444059976932E-4
1.845444059976932E-4
1.845444059976932E-4
2.460592079969243E-4
2.460592079969243E-4
0.0011072664359861593
0.0014917339484813534
0.001507112648981161
0.001507112648981161
0.001507112648981161
0.001507112648981161
0.001507112648981161
0.0019992310649750095
0.0022452902729719337
0.00605920799692426
0.006151480199923107
0.0065667051134179165
0.011749327181853134
0.01245674740484429
0.01596309111880046
0.023944636678200692
0.02938869665513264
0.02938869665513264
0.02938869665513264
0.02938869665513264
0.02938869665513264
0.02938869665513264
0.02938869665513264
0.02938869665513264
0.02938869665513264
0.02938869665513264
0.02938869665513264
0.02938869665513264
0.02938869665513264
0.02938869665513264
0.02938869665513264
0.051364859669357936
0.051364859669357936
0.051364859669357936
0.051364859669357936
0.051364859669357936
0.051364859669357936
0.051364859669357936
0.051364859669357936
0.051364859669357936
0.051364859669357936

0.02122260668973472
0.02122260668973472
0.02122260668973472
0.025436370626682046
0.025436370626682046
0.025436370626682046
0.028404459823144945
0.029496347558631297
0.03226451364859669
0.03226451364859669
0.03226451364859669
0.03677047289504037
0.03677047289504037
0.03677047289504037
0.039430988081507114
0.039430988081507114
0.03972318339100346
0.03972318339100346
0.03972318339100346
0.04332179930795848
0.04332179930795848
0.043629373317954634
0.043629373317954634
0.04833525567089581
0.05087274125336409
0.05087274125336409
0.05087274125336409
0.05116493656286044
0.05116493656286044
0.05116493656286044
0.05199538638985006
0.0534717416378316
0.0534717416378316
0.0534717416378316
0.05393310265282584
0.05393310265282584
0.05393310265282584
0.05497885428681276
0.05497885428681276
0.05497885428681276
0.05502499038831219
0.05502499038831219
0.05696270665128796
0.05968473663975394
0.05968473663975394
0.05968473663975394
0.05996155324875048
0.05996155324875048
0.05996155324875048
0.060146097654748175
0.06088427527873894
0.06088427527873894
0.06088427527873894
0.06089965397923876
0.0631603229527105
0.06320645905420992
0.06320645905420992
0.06320645905420992
0.06389850057670127
0.06497500961168781
0.06497500961168781
0.06497500961168781
0.06714340638216071
0.06714340638216071
0.06714340638216071
0.06714340638216071
0.06714340638216071
0.06743560169165705
0.06743560169165705
0.06743560169165705
0.06766628219915417
0.06766628219915417
0.0677124183006536
0.0677124183006536
0.0677124183006536
0.06841983852364475
0.06841983852364475
0.06841983852364475
0.06841983852364475
0.06855824682814302
0.06855824682814302
0.07072664359861591
0.07072664359861591
0.07072664359861591
0.07072664359861591
0.07086505190311419
0.07100346020761246
0.07100346020761246
0.07100346020761246
0.07100346020761246
0.07100346020761246
0.07100346020761246
0.07246443675509419
0.07246443675509419
0.07404844290657439
0.07404844290657439
0.07404844290657439
0.07404844290657439
0.0750634371395617
0.07577085736255286
0.07600153787004998
0.07600153787004998
0.07600153787004998
0.07600153787004998
0.07600153787004998
0.07600153787004998
0.07653979238754326
0.07704728950403691
0.07704728950403691
0.07704728950403691
0.07704728950403691
0.07706266820453672
0.07706266820453672
0.07706266820453672
0.07795463283352556
0.07858515955401768
0.07858515955401768
0.07858515955401768
0.07858515955401768
0.07946174548250673
0.07946174548250673
0.07946174548250673
0.07946174548250673
0.08103037293348712
0.08193771626297577
0.08289119569396386
0.08289119569396386
0.08289119569396386
0.08289119569396386
0.08295271049596309
0.08295271049596309
0.08295271049596309
0.08295271049596309
0.08346020761245675
0.08346020761245675
0.08346020761245675
0.08346020761245675
0.08616685890042292
0.08616685890042292
0.08616685890042292
0.08848904267589389
0.08848904267589389
0.08887351018838908
0.08935024990388313
0.08935024990388313
0.08935024990388313
0.08935024990388313
0.08953479430988082
0.08982698961937716
0.08982698961937716
0.08982698961937716
0.08982698961937716
0.0900884275278739
0.0900884275278739
0.09016532103037293
0.09098039215686274
0.09113417916186083
0.09241061130334487
0.09264129181084198
0.09313341022683583
0.09339484813533257
0.09342560553633218
0.09342560553633218
0.0934717416378316
0.0934717416378316
0.0934717416378316
0.0934717416378316
0.09356401384083045
0.09356401384083045
0.09373317954632833
0.09394848135332565
0.09394848135332565
0.09394848135332565
0.09394848135332565
0.09404075355632449
0.09411764705882353
0.09411764705882353
0.09437908496732027
0.09437908496732027
0.09437908496732027
0.09437908496732027
0.09470203767781622
0.09470203767781622
0.09476355247981545
0.09477893118031526
0.09477893118031526
0.09477893118031526
0.09477893118031526
0.09491733948481354
0.09527104959630911
0.09527104959630911
0.09527104959630911
0.09527104959630911
0.09527104959630911
0.09527104959630911
0.09537870049980776
0.09537870049980776
0.09537870049980776
0.0956401384083045
0.0956401384083045
0.0956401384083045
0.0956401384083045
0.09570165321030373
0.09570165321030373
0.09570165321030373
0.09656286043829296
0.09656286043829296
0.09656286043829296
0.09656286043829296
0.09657823913879277
0.09657823913879277
0.09657823913879277
0.09714725105728567
0.09714725105728567
0.09791618608227605
0.09850057670126874
0.09851595540176855
0.09851595540176855
0.09865436370626682
0.09910034602076125
0.09910034602076125
0.0992079969242599
0.0992079969242599
0.0992079969242599
0.0992079969242599
0.09925413302575932
0.09963860053825452
0.09963860053825452
0.09963860053825452
0.10145328719723183
0.10165321030372934
0.10165321030372934
0.10165321030372934
0.10165321030372934
0.10165321030372934
0.10185313341022684
0.10329873125720876
0.10329873125720876
0.10340638216070742
0.10340638216070742
0.10340638216070742
0.10342176086120723
0.10348327566320646
0.10348327566320646
0.10348327566320646
0.10366782006920415
0.10423683198769704
0.10423683198769704
0.10423683198769704
0.10423683198769704
0.10480584390618992
0.10480584390618992
0.10480584390618992
0.10480584390618992
0.10485198000768935
0.10485198000768935
0.10566705113417917
0.10566705113417917
0.10566705113417917
0.10606689734717416
0.10606689734717416
0.10606689734717416
0.10683583237216455
0.10683583237216455
0.10683583237216455
0.10683583237216455
0.10683583237216455
0.10683583237216455
0.10683583237216455
0.10683583237216455
0.10874279123414071
0.10874279123414071
0.10874279123414071
0.10921953094963475
0.10921953094963475
0.10921953094963475
0.10937331795463283
0.10937331795463283
0.10937331795463283
0.10937331795463283
0.10951172625913111
0.11066512879661669
0.11066512879661669
0.11066512879661669
0.11066512879661669
0.11066512879661669
0.11066512879661669
0.11066512879661669
0.11066512879661669
0.11157247212610534
0.11157247212610534
0.11157247212610534
0.11157247212610534
0.11157247212610534
0.11157247212610534
0.11157247212610534
0.11157247212610534
0.11157247212610534
0.11254133025759323
0.11254133025759323
0.11254133025759323
0.11377162629757785
0.11377162629757785
0.11377162629757785
0.11500192233756247
0.11500192233756247
0.11500192233756247
0.11500192233756247
0.11500192233756247
0.11500192233756247
0.11630911188004614
0.11630911188004614
0.11630911188004614
0.11630911188004614
0.1174317570165321
0.1174317570165321
0.1174317570165321
0.1174317570165321
0.1174317570165321
0.1174317570165321
0.1174317570165321
0.1174317570165321
0.1174317570165321
0.1174317570165321
0.1174317570165321
0.1174317570165321
0.1188158400615148
0.11953863898500576
0.11953863898500576
0.11972318339100346
0.11987697039600154
0.12075355632449059
0.12075355632449059
0.12075355632449059
0.12210688196847366
0.12210688196847366
0.12264513648596694
0.12264513648596694
0.12264513648596694
0.12264513648596694
0.12264513648596694
0.12264513648596694
0.12313725490196079
0.12313725490196079
0.12313725490196079
0.12366013071895425
0.12389081122645136
0.12641291810841984
0.12641291810841984
0.12645905420991926
0.1265359477124183
0.1265359477124183
0.12659746251441753
0.12722798923490966
0.12722798923490966
0.12722798923490966
0.12784313725490196
0.12784313725490196
0.12784313725490196
0.12784313725490196
0.12784313725490196
0.128319876970396
0.128319876970396
0.128319876970396
0.12993464052287582
0.12993464052287582
0.12993464052287582
0.12993464052287582
0.12993464052287582
0.12993464052287582
0.12993464052287582
0.12993464052287582
0.1306881968473664
0.1306881968473664
0.1308727412533641
0.13145713187235677
0.13145713187235677
0.13145713187235677
0.13245674740484428
0.1324875048058439
0.13273356401384084
0.13480968858131487
0.13539407920030758
0.13539407920030758
0.13539407920030758
0.13539407920030758
0.13539407920030758
0.13539407920030758
0.13539407920030758
0.13539407920030758
0.13597846981930026
0.13597846981930026
0.13597846981930026
0.13597846981930026
0.13597846981930026
0.13597846981930026
0.136639753940792
0.136639753940792
0.136639753940792
0.1370242214532872
0.1370242214532872
0.1370242214532872
0.1370242214532872
0.1370242214532872
0.1370242214532872
0.1370242214532872
0.1370242214532872
0.1376393694732795
0.1376393694732795
0.1376393694732795
0.13893118031526336
0.13893118031526336
0.13893118031526336
0.13893118031526336
0.13893118031526336
0.13991541714725106
0.13994617454825067
0.13994617454825067
0.1401922337562476
0.14045367166474432
0.14074586697424069
0.140961168781238
0.14103806228373703
0.14103806228373703
0.14103806228373703
0.1414225297962322
0.1414225297962322
0.14143790849673202
0.14145328719723183
0.14145328719723183
0.14148404459823144
0.14148404459823144
0.14148404459823144
0.14165321030372932
0.14165321030372932
0.14165321030372932
0.14165321030372932
0.14165321030372932
0.1423913879277201
0.14303729334871204
0.14326797385620915
0.14326797385620915
0.14326797385620915
0.14326797385620915
0.14326797385620915
0.14326797385620915
0.14326797385620915
0.14326797385620915
0.14326797385620915
0.14326797385620915
0.1443752402921953
0.1443752402921953
0.1443752402921953
0.1443752402921953
0.14483660130718953
0.14542099192618224
0.14542099192618224
0.14542099192618224
0.14542099192618224
0.14542099192618224
0.1462975778546713
0.14723567858515954
0.14754325259515572
0.14840445982314496
0.14898885044213764
0.14954248366013073
0.14954248366013073
0.14954248366013073
0.14954248366013073
0.14974240676662823
0.14974240676662823
0.14978854286812765
0.1498961937716263
0.15160322952710495
0.15189542483660132
0.15197231833910035
0.15197231833910035
0.15223375624759708
0.15223375624759708
0.15223375624759708
0.1524951941560938
0.15457131872356786
0.1546635909265667
0.15520184544406
0.1552326028450596
0.15535563244905806
0.15567858515955402
0.15567858515955402
0.15567858515955402
0.15567858515955402
0.15666282199154172
0.1570319108035371
0.15707804690503652
0.15760092272203
0.1594156093810073
0.15964628988850443
0.16159938485198
0.16159938485198
0.16175317185697807
0.16189158016147637
0.1621683967704729
0.1621683967704729
0.1621683967704729
0.1621683967704729
0.16290657439446365
0.1633679354094579
0.1633679354094579
0.1633679354094579
0.1633679354094579
0.16513648596693578
0.16513648596693578
0.16513648596693578
0.16513648596693578
0.16513648596693578
0.1669511726259131
0.16819684736639753
0.170319108035371
0.17078046905036526
0.17210303729334872
0.17210303729334872
0.17210303729334872
0.172241445597847
0.17297962322183774
0.17297962322183774
0.17297962322183774
0.1746559015763168
0.1746559015763168
0.1746559015763168
0.17500961168781237
0.17536332179930797
0.17734717416378315
0.17734717416378315
0.17734717416378315
0.17734717416378315
0.1782545174932718
0.17886966551326414
0.17931564782775855
0.18026912725874664
0.18026912725874664
0.18026912725874664
0.180638216070742
0.180638216070742
0.180638216070742
0.18109957708573626
0.1813917723952326
0.1814071510957324
0.18189926951172625
0.18262206843521722
0.18262206843521722
0.18317570165321032
0.18362168396770473
0.186482122260669
0.186482122260669
0.186482122260669
0.186482122260669
0.186482122260669
0.18685121107266436
0.18709727028066128
0.1914801999231065
0.1914801999231065
0.1914801999231065
0.1914801999231065
0.19391003460207612
0.1940638216070742
0.1940638216070742
0.1940638216070742
0.1940638216070742
0.1940638216070742
0.19480199923106498
0.19480199923106498
0.19480199923106498
0.19480199923106498
0.19480199923106498
0.19816993464052288
0.19816993464052288
0.20161476355247981
0.20175317185697808
0.20175317185697808
0.20175317185697808
0.20175317185697808
0.2017993079584775
0.2017993079584775
0.20302960399846212
0.20302960399846212
0.20302960399846212
0.20302960399846212
0.20302960399846212
0.2037524029219531
0.20881199538638984
0.20881199538638984
0.20881199538638984
0.2088888888888889
0.2088888888888889
0.2088888888888889
0.2088888888888889
0.2088888888888889
0.2120876585928489
0.21493271818531334
0.2152556708958093
0.21687043444828913
0.21687043444828913
0.21894655901576318
0.21894655901576318
0.21943867743175702
0.21943867743175702
0.21943867743175702
0.21943867743175702
0.21943867743175702
0.21973087274125336
0.22340638216070743
0.22340638216070743
0.22340638216070743
0.22340638216070743
0.22340638216070743
0.2247289504036909
0.22658977316416762
0.22671280276816608
0.22671280276816608
0.22671280276816608
0.22671280276816608
0.22717416378316033
0.22841983852364475
0.22841983852364475
0.22841983852364475
0.22841983852364475
0.22841983852364475
0.2311264898116109
0.2332641291810842
0.23924644367550943
0.24073817762399077
0.24449058054594386
0.2520261437908497
0.2520261437908497
0.2520261437908497
0.2520261437908497
0.2520261437908497
0.2520261437908497
0.2520261437908497
0.2520261437908497
0.2520261437908497
0.2520261437908497
0.25670126874279126
0.26011534025374855
0.26011534025374855
0.2629757785467128
0.2642522106881968
0.26563629373317954
0.26702037677816226
0.26823529411764707
0.27673971549404075
0.2829988465974625
0.2866128412149173
0.28702806612841214
0.295440215301807
0.29691657054978854
0.29831603229527104
0.29831603229527104
0.3024067666282199
0.3027604767397155
0.3044982698961938
0.3044982698961938
0.3044982698961938
0.3044982698961938
0.310480584390619
0.3139100346020761
0.31467896962706654
0.31537101114955784
0.31537101114955784
0.31537101114955784
0.31537101114955784
0.31537101114955784
0.31673971549404073
0.3170165321030373
0.32092272202998845
0.3226143790849673
0.3226143790849673
0.3226143790849673
0.3226143790849673
0.32429065743944635
0.3267358708189158
0.32995001922337563
0.3386697424067666
0.3388235294117647
0.3431141868512111
0.38860438292964244
0.38920415224913496
0.39117262591311036
0.4013687043444829
0.40264513648596695
0.41808535178777395
0.41808535178777395
0.41808535178777395
0.41808535178777395
